97470409
97423870
97423895
97423775
97423896
97423820
97423768
97423871
97423726
97423706
97423805
97423791
97423901
97423821
97423738
97423790
97423785
97423770
97423782
97447797
97447663
97447686
97447816
97447792
97447765
97447649
97447805
97447730
97447821
97447806
97497097
97497031
97497087
97497189
97497024
97497130
97497070
97497133
97497071
97497169
97497110
97497118
97497139
97497150
97497177
97496995
97497080
97497187
97497006
97497122
97497146
97497120
97497040
97497035
97497300
97497314
97497363
97497364
97502822
97502784
97502787
97502804
97502790
97502856
97502741
97502849
97502853
97502686
97502843
97502688
97502844
97502826
97502829
97502692
97502730
97502754
97502830
97502745
97502852
97502817
97502873
97503687
97503806
97503750
97503734
97503684
97503726
97503724
97503827
97503777
97503812
97503739
97503807
97503678
97503810
97503741
97503747
97505167
97505149
97505265
97505295
97505248
97505112
97505156
97505266
97505180
97506722
97506885
97506853
97506723
97506865
97506811
97506836
97506768
97506784
97509077
97548055
97548020
97548103
97548155
97548065
97548144
97575781
97576064
97575978
97575971
97576014
97636268
97636215
97636135
97636173
97636258
97636231
97636270
97636307
97651148
97651217
97651202
97651149
97651205
97651142
97651273
97656361
97656505
97656447
97656337
97656411
97656354
97656407
97656405
97656412
97656392
97656372
97656513
97656420
97656377
97656464
97656391
97656515
97656345
97656353
97656527
97656479
97656358
97656398
97728142
97736246
97736360
97736302
97736326
97736237
97736395
97736389
97736260
97736249
97736267
97736331
97736218
97736313
97736339
97736356
97736317
97736241
97736210
97736242
97736280
97736375
97736227
97736330
97736351
97736270
97736213
97736324
97736215
97736236
97736256
97736403
97736372
97736581
97736482
97736434
97736553
97736582
97736596
97736468
97736447
97736418
97736462
97736497
97736577
97736554
97736440
97736494
97736604
97736576
97736437
97736579
97736433
97736469
97736415
97736492
97736457
97736474
97736438
97736585
97736485
97736552
97736445
97736518
97736510
97736597
97736528
97736456
97736513
97736480
97736540
97736500
97736514
97736422
97736431
97736541
97736527
97736423
97736475
97736466
97736476
97736532
97736557
97738161
97738099
97738075
97738219
97738134
97738143
97738152
97738217
97738053
97738179
97738195
97738140
97738087
97738215
97738131
97738079
97738155
97738083
97738205
97738147
97738153
97738049
97738168
97738041
97738069
97738213
97738112
97738082
97738144
97738128
97738068
97738066
97738086
97738080
97738156
97738108
97738202
97738044
97738045
97738061
97738157
97738173
97738300
97738274
97738393
97738303
97738269
97738311
97738419
97738270
97738337
97738265
97738423
97738374
97738347
97738405
97738242
97738389
97738378
97738421
97738304
97738272
97743347
97743372
97745669
97772111
97772061
97772104
97772168
97772098
97772147
97423746
97424738
97424868
97424859
97424747
97424792
97424832
97424771
97424899
97424819
97424799
97424854
97424725
97424804
97424811
97424810
97426035
97425999
97425986
97426017
97426095
97435723
97435620
97435696
97435717
97435572
97442058
97442050
97442019
97442156
97442062
97442184
97442131
97442098
97442029
97442020
97442132
97442067
97442044
97442027
97442018
97442049
97442166
97442134
97442087
97442016
97442186
97442026
97442127
97442042
97442114
97442064
97442031
97441997
97442234
97442394
97442346
97442265
97442225
97444623
97444788
97444607
97449128
97449164
97449060
97449177
97449072
97449206
97449056
97449070
97449233
97449120
97449076
97449139
97449145
97449144
97453809
97453764
97453862
97453848
97453769
97453845
97453807
97455153
97455248
97455232
97455249
97455277
97455219
97455214
97455251
97458147
97458255
97458240
97458254
97458277
97458265
97458153
97458164
97461799
97461890
97461818
97461958
97461971
97461808
97461905
97470202
97470148
97470205
97470113
97470120
97470163
97470193
97470112
97470217
97470169
97470126
97470252
97470213
97470068
97470110
97470216
97470289
97470420
97470442
97470346
97470344
97470399
97470478
97470426
97470299
97470456
97470475
97470356
97470395
97470419
97470305
97483207
97483277
97483287
97483371
97483404
97483319
97483217
97483334
97484324
97484278
97484385
97484342
97484386
97484294
97484343
97484268
97484223
97484247
97484381
97484281
97488359
97488417
97488328
97488380
97488411
97488463
97488342
97492741
97492555
97492683
97492748
97492607
97492575
97492560
97492742
97492681
97492739
97492744
97492737
97492610
97492660
97492743
97492687
97492658
97492569
97492596
97492628
97492720
97492672
97492656
97492578
97492740
97498546
97498448
97509075
97509056
97509033
97509087
97509115
97509223
97509200
97509484
97509488
97509445
97509612
97509597
97509437
97509560
97509607
97509480
97509562
97509586
97509485
97509626
97509500
97509504
97509506
97509472
97509613
97509490
97509566
97509529
97509434
97514434
97514549
97514452
97514501
97514620
97514771
97514600
97517950
97518000
97517850
97517844
97517933
97518012
97518014
97518004
97517944
97522977
97523024
97522915
97523070
97522958
97522951
97522909
97522902
97523010
97522903
97544369
97544357
97544440
97544455
97544481
97544376
97544418
97544420
97544375
97544298
97544454
97544301
97544472
97544303
97544405
97544346
97544427
97544392
97544488
97544307
97544410
97544393
97544439
97544429
97544304
97544314
97544426
97544490
97544396
97546956
97547115
97546996
97546992
97546987
97547050
97554929
97554982
97554903
97555041
97554924
97554950
97554879
97565300
97565293
97565299
97565139
97565231
97565255
97565132
97565178
97565277
97565193
97565249
97565185
97565232
97565247
97565143
97565147
97565137
97565254
97565205
97565221
97565268
97567606
97567681
97567669
97567786
97567599
97567718
97567753
97567754
97567711
97576060
97575949
97576044
97576107
97575962
97575988
97575948
97575944
97576065
97576053
97575939
97576086
97576050
97575992
97576087
97576012
97576046
97575986
97575966
97576072
97576026
97575976
97576024
97575942
97575967
97584988
97584915
97584927
97584916
97584920
97584982
97584938
97584869
97584830
97584837
97584997
97584953
97584845
97584958
97584905
97584860
97584822
97584805
97584898
97586075
97586160
97586144
97586058
97586158
97586014
97586021
97599207
97599113
97599161
97599138
97599086
97599059
97599205
97600722
97600727
97600693
97600791
97600826
97600710
97600692
97600682
97603218
97603374
97603294
97603210
97603366
97603309
97603263
97603350
97606204
97606212
97606205
97606239
97606190
97606217
97606209
97606310
97606213
97606220
97606146
97606161
97606314
97606275
97606244
97606207
97606262
97606139
97606199
97606276
97606155
97606300
97606331
97606293
97606323
97606215
97612267
97612281
97612226
97612164
97612247
97613742
97613711
97625978
97626100
97625983
97626019
97625993
97626068
97625995
97625919
97626055
97625917
97626021
97625986
97626042
97626091
97625973
97625963
97625957
97625942
97626000
97625964
97625976
97625979
97626017
97625914
97631135
97631091
97631105
97631166
97631116
97631080
97631174
97631104
97631071
97631085
97644719
97644655
97644549
97644660
97644603
97644596
97644562
97644613
97644659
97644561
97644646
97644573
97644716
97644695
97644672
97644720
97644718
97644537
97644586
97644538
97644733
97644620
97644563
97644587
97644605
97646484
97646429
97646591
97646592
97646456
97646500
97646554
97646524
97656352
97656525
97656382
97656480
97656490
97663226
97663147
97664012
97664057
97664032
97663966
97664144
97664039
97665424
97665512
97665570
97665413
97665496
97665392
97665429
97665523
97665464
97665451
97668866
97668921
97668953
97669012
97668888
97671250
97671126
97671196
97671268
97671302
97671142
97671285
97671277
97671139
97671198
97671814
97671730
97671725
97671815
97671854
97671902
97671883
97673225
97673267
97673304
97673310
97673330
97673224
97673680
97673588
97673579
97673665
97673631
97673685
97673684
97673607
97673584
97673649
97673668
97673672
97673693
97673656
97673767
97673601
97673582
97673617
97673612
97673731
97673657
97674238
97674310
97674321
97674325
97674354
97674319
97674402
97674259
97674336
97674240
97674324
97674249
97674312
97682482
97682596
97682524
97682544
97686944
97726812
97727467
97727463
97728155
97729243
97735831
97735919
97735871
97735921
97735930
97735803
97735956
97735916
97735849
97735879
97735858
97735841
97735814
97735868
97735933
97735815
97735901
97735955
97735829
97735948
97735888
97735813
97735917
97735941
97735963
97735870
97735928
97735863
97735904
97735897
97735805
97735862
97735947
97735848
97735882
97735852
97735802
97735940
97735797
97735774
97735784
97735843
97735964
97735806
97735900
97735845
97735835
97735937
97735880
97735799
97735944
97735960
97735842
97735778
97735798
97735810
97735772
97735788
97735932
97735804
97735966
97735950
97735823
97735889
97735931
97735856
97735886
97735934
97735853
97735893
97735864
97735967
97735793
97735929
97735945
97735894
97735892
97735836
97735850
97735915
97735961
97735816
97735860
97735874
97735773
97735770
97735958
97735857
97735869
97735785
97735876
97735908
97735781
97735824
97735895
97735786
97735769
97735951
97735833
97735828
97735812
97735936
97735818
97735965
97735830
97735776
97735801
97735905
97735887
97735910
97735832
97735883
97735924
97735891
97735872
97735865
97735896
97735796
97735925
97735795
97735968
97735792
97735827
97735779
97735939
97735902
97735839
97735875
97735899
97735819
97735811
97735775
97735935
97735808
97735820
97735898
97735923
97735927
97735851
97735783
97735959
97735837
97735800
97735885
97735821
97735942
97735777
97735953
97735847
97735954
97735881
97735911
97735949
97735859
97735884
97735914
97735844
97735873
97735791
97735822
97735817
97735826
97735825
97735787
97735938
97735909
97735912
97735861
97735854
97735952
97735855
97735922
97735962
97735794
97735807
97735782
97735926
97735906
97735809
97735771
97735780
97735913
97735907
97735918
97735790
97735789
97735920
97735866
97735890
97735840
97735943
97736078
97736039
97736094
97735983
97736015
97736028
97736023
97736082
97735991
97736109
97736090
97736165
97735981
97736058
97736079
97736045
97736097
97736049
97736166
97736011
97735994
97736072
97736152
97736119
97736091
97735984
97736025
97736156
97736167
97736056
97736073
97736075
97736111
97736160
97736141
97736036
97735992
97736142
97736059
97736158
97736030
97736065
97735993
97736103
97736143
97736105
97736070
97736060
97735998
97735977
97736029
97736110
97736069
97736098
97735986
97736077
97736047
97736013
97736096
97736139
97736120
97736163
97736128
97736140
97736027
97736154
97736131
97736061
97736001
97736067
97736038
97736083
97735979
97735989
97735996
97736043
97736037
97736136
97736020
97736135
97735985
97736048
97736009
97736000
97736006
97736085
97735970
97735997
97735995
97735987
97736031
97736113
97736157
97736133
97736129
97736040
97736002
97736005
97736104
97736017
97736016
97736007
97736024
97736134
97735990
97736108
97736161
97736035
97736153
97736149
97736064
97736008
97736101
97736041
97736022
97736102
97736092
97736084
97736147
97736057
97736003
97735975
97736021
97736054
97736144
97736121
97736032
97736137
97736055
97736112
97736107
97736004
97736125
97736068
97736018
97736050
97736026
97735978
97736087
97736080
97736118
97736155
97736010
97736044
97736168
97736062
97736034
97736132
97736126
97736052
97736095
97735999
97736074
97735976
97736148
97736088
97736076
97735969
97736106
97736051
97736145
97736151
97736053
97736116
97736114
97736127
97736150
97736066
97736042
97736115
97736014
97735971
97736081
97735972
97736100
97736123
97736117
97736162
97736099
97735982
97735974
97736093
97736130
97736122
97736086
97735980
97736159
97736063
97736089
97735988
97736146
97736033
97736012
97736019
97736071
97736124
97736164
97736138
97735973
97736046
97736284
97736251
97736254
97736329
97736348
97736257
97736353
97736228
97736352
97736293
97736310
97736274
97736305
97736379
97736408
97736275
97736374
97736219
97736366
97736404
97736333
97736316
97736243
97736221
97736225
97736349
97736315
97736376
97736385
97736337
97736295
97736405
97736309
97736281
97736245
97736229
97736354
97736332
97736346
97736362
97736234
97736232
97736230
97736308
97736283
97736294
97736285
97736397
97736361
97736380
97736343
97736400
97736271
97736318
97736319
97736290
97736220
97736238
97736373
97736286
97736216
97736377
97736392
97736259
97736211
97736357
97736314
97736350
97736276
97736268
97736226
97736235
97736289
97736355
97736327
97736269
97736368
97736273
97736300
97736253
97736358
97736336
97736386
97736342
97736382
97736383
97736307
97736406
97736320
97736303
97736301
97736402
97736328
97736217
97736398
97736367
97736321
97736384
97736407
97736401
97736212
97736369
97736325
97736334
97736287
97736304
97736387
97736223
97736322
97736272
97736263
97736233
97736393
97736409
97736265
97736396
97736277
97736261
97736297
97736239
97736264
97736364
97736323
97736282
97736378
97736248
97736291
97736266
97736340
97736278
97736345
97736279
97736370
97736390
97736363
97736391
97736365
97736247
97736394
97736388
97736347
97736288
97736299
97736359
97736252
97736296
97736344
97736399
97736258
97736240
97736311
97736298
97736338
97736312
97736222
97736255
97736250
97736371
97736214
97736262
97736381
97736341
97736306
97736231
97736244
97736224
97736335
97736292
97736519
97736459
97736602
97736556
97736478
97736451
97736568
97736452
97736551
97736529
97736595
97736417
97736410
97736443
97736488
97736495
97736566
97736487
97736448
97736512
97736535
97736598
97736547
97736419
97736564
97736489
97736486
97736586
97736498
97736574
97736530
97736571
97736412
97736589
97736545
97736555
97736590
97736567
97736542
97736599
97736453
97736578
97736446
97736414
97736516
97736471
97736546
97736502
97736560
97736430
97736420
97736449
97736591
97736608
97736465
97736426
97736536
97736515
97736601
97736569
97736587
97736470
97736583
97736496
97736432
97736503
97736490
97736600
97736467
97736483
97736511
97736584
97736461
97736508
97736524
97736411
97736454
97736517
97736525
97736558
97736507
97736505
97736493
97736463
97736520
97736450
97736435
97736427
97736472
97736561
97736429
97736539
97736534
97736509
97736506
97736605
97736424
97736607
97736594
97736484
97736531
97736559
97736522
97736562
97736593
97736548
97736436
97736521
97736603
97736526
97736563
97736473
97736439
97736549
97736550
97736499
97736491
97736588
97736523
97736572
97736606
97736573
97736565
97736481
97736464
97736421
97736455
97736543
97736460
97736501
97736592
97736428
97736533
97736544
97736477
97736504
97736575
97736580
97736537
97736006
97736458
97736444
97736416
97736413
97736479
97736425
97736441
97736570
97736538
97736442
97736685
97736679
97736636
97736633
97736712
97736619
97736716
97736770
97736615
97736753
97736797
97736793
97736612
97736752
97736762
97736655
97736715
97736670
97736698
97736751
97736711
97736645
97736641
97736647
97736668
97736658
97736644
97736721
97736765
97736664
97736777
97736783
97736807
97736616
97736764
97736639
97736694
97736684
97736643
97736669
97736690
97736758
97736610
97736642
97736654
97736695
97736775
97736761
97736798
97736696
97736787
97736677
97736630
97736631
97736657
97736790
97736680
97736805
97736757
97735989
97736624
97736779
97736707
97736661
97736784
97736629
97736717
97736614
97736706
97736789
97736708
97736730
97736675
97736801
97736622
97736635
97736699
97736703
97736799
97736806
97736768
97736760
97736632
97736646
97736800
97736732
97736728
97736691
97736724
97736803
97736637
97736738
97736802
97736687
97736778
97736722
97736774
97736662
97736723
97736745
97736627
97736709
97736667
97736634
97736620
97736700
97736780
97736623
97736666
97736613
97736702
97736725
97736747
97736688
97736704
97736794
97736735
97736796
97736617
97736763
97736673
97736726
97736731
97736710
97736713
97736678
97736648
97736785
97736771
97736689
97736651
97736625
97736650
97736733
97736729
97736727
97736746
97736754
97736720
97736663
97736656
97736734
97736766
97736786
97736686
97736671
97736705
97736791
97736772
97736739
97736804
97736674
97736626
97736749
97736748
97736621
97736755
97736692
97736676
97736659
97736672
97736701
97736795
97736697
97736609
97736653
97736714
97736618
97736681
97736652
97736750
97736773
97736611
97736781
97736741
97736660
97736740
97736628
97736693
97736767
97736682
97736756
97736638
97736719
97736776
97736640
97736683
97736744
97736718
97736759
97736736
97736769
97736743
97736649
97736788
97736792
97736782
97736665
97736737
97736742
97736962
97736957
97736915
97736869
97736894
97736863
97736837
97736903
97736860
97736995
97736974
97736874
97736880
97736955
97736929
97736950
97736830
97736933
97736953
97736813
97736827
97736990
97736972
97736978
97736821
97736996
97736954
97736960
97736973
97736913
97736858
97737003
97736902
97736881
97736998
97736890
97736857
97736892
97736866
97736941
97736905
97736811
97736875
97736816
97736825
97736851
97736871
97736835
97736963
97736876
97736985
97736846
97736895
97736921
97736969
97736839
97736853
97736965
97736975
97736980
97736819
97736911
97736829
97736934
97736831
97736909
97736944
97736865
97736809
97736818
97736970
97736828
97736889
97736993
97736872
97736841
97736826
97736855
97736836
97737005
97736914
97736946
97736812
97736951
97736923
97736988
97736947
97736847
97736879
97736862
97736887
97736930
97736898
97736884
97736885
97736899
97737002
97736844
97736901
97736854
97736927
97736977
97736935
97736834
97736867
97736939
97736820
97736868
97736928
97736966
97736979
97736982
97736964
97736924
97736848
97736893
97736856
97736968
97737000
97736822
97736940
97736861
97736943
97736886
97736916
97736967
97736896
97736838
97736926
97736931
97736910
97736917
97736814
97736987
97736945
97736845
97736849
97736942
97736986
97736956
97736840
97736864
97736984
97736808
97736958
97736936
97737004
97736920
97736824
97736904
97736823
97736859
97736878
97736882
97736948
97736815
97736922
97736932
97736843
97736989
97736883
97736976
97736991
97735925
97736918
97736817
97736981
97736833
97736873
97737006
97736937
97736842
97736999
97736850
97736912
97736852
97736919
97736938
97736877
97736907
97736992
97736900
97736952
97736810
97736906
97736959
97736994
97736949
97736925
97736983
97736891
97736897
97736908
97736961
97736997
97736870
97736832
97736971
97736888
97737001
97737123
97737127
97737065
97737043
97737191
97737176
97737186
97737151
97737118
97737102
97737196
97737049
97737125
97737092
97737017
97737028
97737101
97737177
97737107
97737143
97737041
97737062
97737113
97737081
97737158
97737203
97737128
97737145
97737023
97737044
97737096
97737194
97737022
97737095
97737034
97737084
97737193
97737059
97737051
97737072
97737130
97737119
97737164
97737064
97737129
97737124
97737166
97737146
97737170
97737160
97737189
97737103
97737026
97737132
97737010
97737100
97737019
97737033
97737163
97737175
97737077
97737056
97737117
97737073
97737152
97737157
97737086
97737089
97737162
97737020
97737155
97737172
97737180
97737068
97737035
97737097
97737011
97737165
97737079
97737099
97737076
97737057
97737093
97737013
97737167
97737134
97737078
97737085
97737029
97737012
97737108
97737168
97737161
97737047
97737153
97737036
97737188
97737140
97737181
97737204
97737202
97737009
97737184
97737120
97737173
97737094
97737055
97737015
97737205
97737174
97737190
97737112
97737110
97737080
97737206
97737016
97737135
97737122
97737014
97737154
97737082
97737048
97737052
97737126
97737138
97737114
97737027
97737171
97737088
97737199
97737115
97737083
97737178
97737183
97737198
97737197
97737039
97737074
97737058
97737179
97737031
97737148
97737169
97737066
97737054
97737195
97737098
97737159
97737007
97737025
97737040
97737063
97737142
97737032
97737071
97737104
97737018
97737147
97737021
97737187
97737105
97737201
97737037
97737067
97737061
97737116
97737075
97737139
97737137
97737182
97737121
97737024
97737087
97737050
97737131
97737111
97737133
97737008
97737030
97737069
97737185
97737091
97737070
97737192
97737060
97737149
97737053
97737106
97737136
97737042
97737150
97737200
97737144
97737045
97737141
97737046
97737090
97737109
97737038
97737156
97737259
97737320
97737315
97737336
97737213
97737208
97737339
97737242
97737221
97737383
97737359
97737304
97737237
97737267
97737392
97737350
97737391
97737329
97737233
97737235
97737224
97737349
97737247
97737380
97737223
97737345
97737219
97737234
97737272
97737236
97737229
97737281
97737338
97737218
97737366
97737312
97737334
97737266
97737265
97737280
97737330
97737376
97737403
97737225
97737322
97737308
97737232
97737226
97735833
97737358
97737217
97737353
97737271
97737309
97737220
97737299
97737244
97737268
97737210
97737289
97737300
97737346
97737327
97737243
97737341
97737216
97737357
97737355
97737269
97737348
97737241
97737249
97737386
97737394
97737207
97737297
97737395
97737319
97737264
97737313
97737343
97737248
97737314
97737260
97737337
97737356
97737227
97737332
97737295
97737282
97737285
97737245
97737396
97737270
97737364
97737354
97737294
97737317
97737369
97737305
97737400
97737378
97737397
97737398
97737286
97737347
97737384
97737373
97737370
97737324
97737385
97737331
97737287
97737393
97737377
97737273
97737306
97737318
97737298
97735874
97737262
97737275
97737291
97737335
97737276
97737352
97737382
97737363
97737316
97737258
97737261
97737240
97737302
97737288
97737310
97737238
97737328
97737209
97737254
97737296
97737228
97737351
97737301
97737388
97737274
97737255
97737211
97737284
97737365
97737214
97737230
97737362
97737381
97737250
97737283
97737379
97737231
97737401
97737215
97737277
97737222
97737325
97737399
97737342
97737389
97737340
97737402
97737290
97737372
97737251
97737246
97737256
97737257
97737333
97737367
97737374
97737326
97737368
97737387
97737323
97737404
97737307
97737311
97737344
97737360
97737212
97737321
97737279
97737371
97737253
97737278
97737292
97737239
97737293
97737263
97737303
97737375
97737361
97737390
97737252
97737431
97737591
97737430
97737446
97737479
97737529
97737461
97737445
97737501
97737595
97737485
97737408
97737597
97737498
97737573
97737550
97737527
97737454
97737506
97737537
97737466
97737442
97737598
97737555
97737451
97737562
97737513
97737462
97737477
97737588
97737407
97737556
97737533
97737512
97737584
97737567
97737585
97737547
97737458
97737544
97737576
97737405
97737483
97737516
97737530
97737447
97737406
97737493
97737586
97737540
97737526
97737554
97737478
97737410
97737423
97737495
97737507
97737502
97737551
97737460
97737494
97737469
97737549
97737594
97737481
97737426
97737596
97737521
97737561
97737482
97737420
97737571
97737475
97737577
97737448
97737434
97737444
97737459
97737528
97737499
97737599
97737417
97737467
97737443
97737455
97737433
97737465
97737422
97737568
97737580
97737438
97737489
97737541
97737474
97737503
97737524
97737421
97737480
97737558
97737496
97737435
97737531
97737424
97737456
97737522
97737570
97737553
97737546
97737425
97737470
97737411
97737488
97737509
97737432
97737600
97737484
97737583
97737539
97737545
97737589
97737429
97737548
97737520
97737418
97737535
97737419
97737536
97737427
97737449
97737563
97737515
97737473
97737514
97737601
97737557
97737574
97737464
97737437
97737476
97737552
97737490
97737428
97737415
97737559
97737560
97737436
97737593
97737564
97737412
97737500
97737566
97737569
97737542
97737505
97737409
97737518
97737587
97737463
97737471
97737497
97737508
97737491
97737532
97737565
97737525
97737450
97737572
97737581
97737592
97737602
97737468
97737534
97737523
97737603
97737414
97737487
97737511
97737517
97737538
97737413
97737441
97737519
97737452
97737492
97737416
97737510
97737590
97737582
97737604
97737575
97737486
97737543
97737440
97737439
97737579
97737578
97737457
97737504
97737472
97737453
97737773
97737696
97737768
97737710
97737701
97737739
97737735
97737722
97737608
97737605
97737804
97737669
97737760
97737649
97737611
97737631
97737729
97737754
97737656
97737778
97737692
97737621
97737672
97737678
97737792
97737628
97737627
97737681
97737719
97737783
97737646
97737680
97737800
97737633
97737647
97737765
97737645
97737625
97737714
97737780
97737643
97737644
97737690
97737704
97737673
97737624
97737761
97737747
97737720
97737612
97737691
97737759
97737786
97737705
97737616
97737799
97737666
97737685
97737737
97737757
97737803
97737789
97737732
97737620
97737658
97737762
97737674
97737648
97737655
97737723
97737700
97737688
97737706
97737698
97737788
97737679
97737794
97737663
97737733
97737712
97737684
97737661
97737675
97737635
97737637
97737770
97737689
97737607
97737638
97737665
97737772
97737702
97737763
97737667
97737725
97737745
97737671
97737609
97737622
97737787
97737795
97737709
97737793
97737618
97737650
97737668
97737798
97737657
97737639
97737784
97737776
97737785
97737790
97737629
97737699
97737715
97737741
97737630
97737664
97737615
97737695
97737613
97737736
97737610
97737651
97737686
97737659
97737640
97737641
97737742
97737707
97737764
97737740
97737697
97737626
97737750
97737781
97737614
97737623
97737711
97737755
97737791
97737796
97737751
97737670
97737642
97737802
97737717
97737771
97737653
97737730
97737676
97737662
97737687
97737775
97737694
97737703
97737660
97737617
97737713
97737654
97737756
97737677
97737738
97737724
97737797
97737721
97737752
97737606
97737634
97737774
97737683
97737693
97737767
97737801
97737743
97737728
97737769
97737718
97737632
97737727
97737753
97737652
97737746
97737779
97737734
97737748
97737708
97737766
97737777
97737749
97737636
97737758
97737782
97737731
97737682
97737619
97737716
97737744
97737726
97737942
97737994
97737925
97737856
97738028
97737988
97737992
97738015
97737880
97737999
97737976
97738006
97737969
97737850
97737888
97737893
97738023
97737878
97737946
97737930
97737923
97738020
97737995
97737872
97737879
97737914
97737956
97737847
97737987
97737980
97737910
97737870
97737996
97737929
97737917
97737903
97737894
97738007
97737862
97738039
97737949
97737993
97738033
97737885
97737950
97738025
97737882
97737939
97737934
97737865
97737924
97737873
97738037
97737858
97737931
97737928
97737998
97737966
97737854
97738011
97737938
97737972
97737840
97737932
97737899
97737896
97737905
97737866
97737964
97738035
97737901
97738017
97737979
97737889
97738003
97737904
97737973
97737937
97738036
97737985
97738016
97737962
97737883
97737922
97737843
97738002
97737941
97737887
97738031
97737943
97737912
97737863
97737911
97737919
97738004
97738022
97737891
97737897
97737898
97737965
97737884
97737845
97737881
97737916
97737986
97737890
97737867
97737900
97737848
97737855
97737908
97737990
97738024
97737844
97737957
97738032
97737841
97737902
97738030
97737859
97737958
97737868
97737991
97737997
97738029
97737851
97737975
97738038
97737915
97737907
97738005
97737983
97737951
97737892
97737842
97737935
97737860
97738012
97737970
97737959
97738018
97737953
97737989
97737926
97737940
97737974
97737955
97737876
97737857
97737877
97738034
97737981
97737977
97737871
97737849
97737954
97737909
97737978
97737948
97737875
97737967
97737960
97737945
97737869
97737918
97737963
97737952
97737933
97738019
97738027
97737920
97737971
97737906
97737984
97737921
97737936
97738013
97738008
97737947
97737927
97738000
97737944
97737968
97737861
97737874
97737913
97737852
97737864
97738009
97738021
97738014
97737886
97738026
97737846
97737961
97737895
97738001
97737853
97738010
97737982
97738090
97738100
97738169
97738190
97738211
97738124
97738145
97738040
97738135
97738178
97738151
97738126
97738078
97738223
97738071
97738160
97738221
97738203
97738072
97738088
97738091
97738103
97738073
97738109
97738187
97738201
97738170
97738056
97738182
97738054
97738129
97738196
97738142
97738136
97738141
97738226
97738077
97738064
97738200
97738095
97738220
97738063
97738122
97738209
97738070
97738234
97738107
97738198
97738114
97738067
97738060
97738138
97738062
97738120
97738166
97738162
97738052
97738197
97738163
97738059
97738096
97738188
97738092
97738123
97738218
97738222
97738232
97738139
97738081
97738148
97738133
97738085
97738181
97738048
97738227
97738097
97738206
97738110
97738165
97738154
97738084
97738228
97738175
97738127
97738214
97738233
97738130
97738230
97738237
97738225
97738074
97738235
97738102
97738224
97738042
97738185
97738150
97738158
97738164
97738236
97738106
97738046
97738121
97738174
97738146
97738089
97738183
97738199
97738184
97738055
97738119
97738105
97738212
97738189
97738094
97738204
97738177
97738149
97738176
97738115
97738207
97738093
97738043
97738191
97738238
97735942
97738098
97738167
97738172
97738193
97738113
97738104
97738159
97738116
97738208
97738101
97738171
97738057
97738050
97738216
97738058
97738125
97738137
97738210
97738180
97738229
97738117
97738118
97738111
97738194
97738132
97738231
97738047
97738065
97738076
97738186
97738192
97738051
97738359
97738325
97738433
97738418
97738314
97738387
97738391
97738257
97738319
97738381
97738302
97738399
97738427
97738341
97738408
97738324
97738397
97738355
97738273
97738385
97738320
97738360
97738425
97738276
97738380
97738268
97738288
97738292
97738382
97738330
97738335
97738277
97738342
97738353
97738267
97738338
97738407
97738416
97738246
97738383
97738372
97738428
97738422
97738424
97738259
97738400
97738345
97738354
97738414
97738386
97738395
97738357
97738284
97738349
97738249
97738322
97738285
97738266
97738394
97738315
97738258
97738312
97738375
97738334
97738426
97738264
97738254
97738282
97738255
97738396
97738350
97738243
97738318
97738253
97738363
97738247
97738291
97738245
97738430
97738239
97738271
97738376
97738336
97738248
97738364
97738411
97738278
97738412
97738263
97738351
97738415
97738392
97738261
97738434
97738306
97738340
97738294
97738413
97738313
97738283
97738358
97738390
97738289
97738366
97738365
97738310
97738286
97738431
97738327
97738406
97738262
97738290
97738260
97738293
97738279
97738244
97738326
97738409
97738348
97738398
97738361
97738295
97738377
97738307
97738404
97738352
97738333
97738298
97738369
97738250
97738252
97738241
97738328
97738316
97738388
97738251
97738410
97738256
97738287
97738367
97738420
97738437
97738305
97738436
97738329
97738368
97738438
97738299
97738309
97738317
97738370
97738308
97738432
97738296
97738435
97738384
97738402
97738331
97738275
97738403
97738332
97738356
97738344
97738297
97738343
97738417
97738371
97738346
97738323
97738280
97738429
97738281
97738240
97738401
97738339
97738301
97738321
97738362
97738379
97738373
97738631
97738509
97738455
97738574
97738554
97738441
97738511
97738620
97738534
97738480
97738514
97738463
97738489
97738556
97738492
97738487
97738635
97738637
97738552
97738516
97738632
97738503
97738448
97738506
97738490
97738636
97738521
97738539
97738513
97738447
97738510
97738593
97738597
97738598
97738537
97738562
97738578
97738586
97738528
97738592
97738550
97738477
97738558
97738555
97738619
97738544
97738475
97738464
97738542
97738491
97738599
97738445
97738520
97738575
97738486
97738547
97738481
97738566
97738504
97738525
97738488
97738499
97738545
97738473
97738482
97738512
97738508
97738538
97738585
97738459
97738461
97738524
97738549
97738634
97738479
97738557
97738587
97738540
97738460
97738443
97738474
97738457
97738505
97738529
97738466
97738518
97738603
97738530
97738571
97738501
97738577
97738559
97743079
97743045
97742928
97743225
97743481
97743574
97743640
97743571
97743870
97743773
97744050
97744030
97744008
97743945
97743963
97744111
97744124
97743946
97744142
97744274
97744366
97744418
97744483
97744590
97744673
97744552
97744611
97744734
97745023
97745001
97745086
97745032
97745105
97745096
97745017
97744987
97745145
97745401
97755586
97755665
97755525
97755528
97755560
97756435
97756480
97756423
97756446
97756436
97756449
97756346
97756395
97756353
97757348
97757347
97757289
97757728
97757667
97757643
97757767
97757692
97757650
97757682
97760227
97761032
97760999
97760917
97760976
97760981
97763258
97763226
97763139
97763228
97763216
97763189
97763267
97763255
97763214
97763287
97763098
97763282
97763202
97763164
97763177
97768719
97768614
97768680
97768667
97768603
97768607
97768605
97768801
97768794
97768844
97768911
97768943
97768915
97768944
97768796
97768772
97768902
97771163
97771066
97771156
97771207
97771197
97771209
97771188
97771848
97771910
97771854
97771840
97771861
97771956
97771906
97771984
97771985
97772022
97772007
97771883
97771912
97771891
97771940
97772005
97771975
97771954
97771875
97772003
97771939
97771855
97771998
97771876
97771948
97771986
97771979
97771945
97771900
97771970
97772019
97771927
97771842
97771871
97771858
97771843
97772198
97772176
97772218
97772208
97772110
97772133
97772219
97772078
97772123
97772124
97772170
97772130
97772032
97772115
97772157
97772074
97772146
97772209
97772173
97772088
97772202
97772055
97772044
97772180
97772105
97772215
97772086
97772132
97772094
97772042
97772164
97772030
97772151
97772049
97772195
97772211
97772102
97772194
97772076
97772120
97772064
97772069
97772095
97772050
97772089
97772210
97772071
97772051
97772142
